16 2.22045e-16 0.0108409 
32 2.22045e-16 0.0108819 
64 2.22045e-16 0.0109079 
128 2.22045e-16 0.010946 
256 2.22045e-16 0.011013 
512 2.22045e-16 0.0111299 
1024 2.22045e-16 0.0113549 
2048 2.22045e-16 0.011797 
4096 2.22045e-16 0.012614 
8192 2.22045e-16 0.0142119 
16384 2.22045e-16 0.017344 
32768 2.22045e-16 0.023628 
65536 2.22045e-16 0.0362298 
16 2.22045e-16 0.011106 
32 2.22045e-16 0.011148 
64 2.22045e-16 0.0111821 
128 2.22045e-16 0.0112181 
256 2.22045e-16 0.0112989 
512 2.22045e-16 0.0114179 
1024 2.22045e-16 0.0116439 
2048 2.22045e-16 0.012089 
4096 2.22045e-16 0.012965 
8192 2.22045e-16 0.014667 
16384 2.22045e-16 0.018095 
32768 2.22045e-16 0.025007 
65536 2.22045e-16 0.0382841 
16 2.22045e-16 0.010808 
32 2.22045e-16 0.0108471 
64 2.22045e-16 0.010869 
128 2.22045e-16 0.010905 
256 2.22045e-16 0.0109701 
512 2.22045e-16 0.0110841 
1024 2.22045e-16 0.0113091 
2048 2.22045e-16 0.0117531 
4096 2.22045e-16 0.0125871 
8192 2.22045e-16 0.014194 
16384 2.22045e-16 0.0173731 
32768 2.22045e-16 0.0236959 
65536 2.22045e-16 0.036494 
16 2.22045e-16 0.0104432 
32 2.22045e-16 0.010535 
64 2.22045e-16 0.0106812 
128 2.22045e-16 0.010957 
256 2.22045e-16 0.011477 
512 2.22045e-16 0.0123992 
1024 2.22045e-16 0.0143831 
2048 2.22045e-16 0.0182881 
4096 2.22045e-16 0.0376172 
8192 2.22045e-16 0.052659 
16384 2.22045e-16 0.101389 
32768 2.22045e-16 0.195824 
65536 2.22045e-16 0.370378 
128 2.22045e-16 0.010566 
128 2.22045e-16 0.0154431 
128 2.22045e-16 0.0122139 
128 2.22045e-16 0.015018 
128 2.22045e-16 0.0127439 
