8 0.117512 0.0115399 
16 0.0605875 0.0117571 
32 0.0307668 0.011929 
64 0.0155036 0.0121009 
128 0.00778206 0.0122681 
256 0.00389863 0.0124512 
512 0.00195122 0.012692 
1024 0.000976086 0.0129051 
2048 0.000488162 0.013123 
4096 0.000244111 0.0133719 
8192 0.000122063 0.0136061 
16384 6.10333e-05 0.013912 
32768 3.05171e-05 0.0143731 
65536 1.52587e-05 0.015099 
8 0.117512 0.014051 
16 0.0605875 0.0140882 
32 0.0307668 0.014101 
64 0.0155036 0.0141261 
128 0.00778206 0.014143 
256 0.00389863 0.0141621 
512 0.00195122 0.014184 
1024 0.000976086 0.0142131 
2048 0.000488162 0.014271 
4096 0.000244111 0.0143461 
8192 0.000122063 0.014487 
16384 6.10333e-05 0.0147781 
32768 3.05171e-05 0.0152781 
65536 1.52587e-05 0.0162592 
8 0.117512 0.0112648 
16 0.0605875 0.0112879 
32 0.0307668 0.0112948 
64 0.0155036 0.0113008 
128 0.00778206 0.0113158 
256 0.00389863 0.0113249 
512 0.00195122 0.0113389 
1024 0.000976086 0.0113568 
2048 0.000488162 0.0113878 
4096 0.000244111 0.0114348 
8192 0.000122063 0.0115149 
16384 6.10333e-05 0.0116668 
32768 3.05171e-05 0.0119598 
65536 1.52587e-05 0.012537 
8 0.117512 0.0102739 
16 0.0605875 0.010294 
32 0.0307668 0.0103018 
64 0.0155036 0.0103099 
128 0.00778206 0.01036 
256 0.00389863 0.0103769 
512 0.00195122 0.010392 
1024 0.000976086 0.0104098 
2048 0.000488162 0.0104389 
4096 0.000244111 0.0104828 
8192 0.000122063 0.0105748 
16384 6.10333e-05 0.0107279 
32768 3.05171e-05 0.011024 
65536 1.52587e-05 0.0115788 
8 0.117512 0.0100579 
16 0.0605875 0.0100911 
32 0.0307668 0.010097 
64 0.0155036 0.010102 
128 0.00778206 0.0101089 
256 0.00389863 0.0101399 
512 0.00195122 0.0101659 
1024 0.000976086 0.0102041 
2048 0.000488162 0.0102439 
4096 0.000244111 0.0102899 
8192 0.000122063 0.010371 
16384 6.10333e-05 0.0105281 
32768 3.05171e-05 0.010833 
65536 1.52587e-05 0.0114279 
8 0.117512 0.0100729 
16 0.0605875 0.0101101 
32 0.0307668 0.010119 
64 0.0155036 0.0101271 
128 0.00778206 0.010144 
256 0.00389863 0.010155 
512 0.00195122 0.0101681 
1024 0.000976086 0.0101831 
2048 0.000488162 0.0102251 
4096 0.000244111 0.0102839 
8192 0.000122063 0.0103831 
16384 6.10333e-05 0.010566 
32768 3.05171e-05 0.0108621 
65536 1.52587e-05 0.0114431 
